0 0.20714285714285716 0.4124293785310734 0.026984126984126985 0.062146892655367235
0 0.23492063492063492 0.3573446327683616 0.025396825396825397 0.0423728813559322
0 0.7753968253968254 0.24293785310734464 0.020634920634920634 0.022598870056497175
0 0.2904761904761905 0.6412429378531074 0.0761904761904762 0.15254237288135594
0 0.12936507936507938 0.2867231638418079 0.026984126984126985 0.03672316384180791
0 0.5031746031746032 0.3418079096045198 0.025396825396825397 0.05649717514124294
0 0.5674603174603174 0.2937853107344633 0.023809523809523808 0.02824858757062147
0 0.010317460317460317 0.2824858757062147 0.020634920634920634 0.03954802259887006
0 0.9333333333333333 0.268361581920904 0.025396825396825397 0.02824858757062147
0 0.8 0.2344632768361582 0.01904761904761905 0.022598870056497175
0 0.8047619047619048 0.557909604519774 0.050793650793650794 0.10451977401129943
0 0.9666666666666667 0.2853107344632768 0.025396825396825397 0.03389830508474576
0 0.5968253968253968 0.4152542372881356 0.04126984126984127 0.0847457627118644
0 0.9388888888888889 0.7090395480225988 0.08095238095238096 0.14124293785310735
0 0.1388888888888889 0.18785310734463276 0.01746031746031746 0.025423728813559324
0 0.9444444444444444 0.4632768361581921 0.06349206349206349 0.12429378531073447
0 0.2849206349206349 0.268361581920904 0.023809523809523808 0.03389830508474576
0 0.6984126984126984 0.3220338983050847 0.025396825396825397 0.03389830508474576
0 0.35714285714285715 0.3700564971751412 0.031746031746031744 0.03954802259887006
0 0.09285714285714286 0.5875706214689266 0.06190476190476191 0.11864406779661017
0 0.2920634920634921 0.23728813559322035 0.01904761904761905 0.022598870056497175
0 0.02619047619047619 0.3361581920903955 0.05238095238095238 0.05649717514124294
0 0.4444444444444444 0.3107344632768362 0.02857142857142857 0.03389830508474576
0 0.06428571428571428 0.23022598870056496 0.020634920634920634 0.025423728813559324
0 0.03253968253968254 0.5875706214689266 0.06507936507936508 0.10734463276836158
0 0.2611111111111111 0.3488700564971751 0.03333333333333333 0.0423728813559322
0 0.7928571428571428 0.692090395480226 0.0746031746031746 0.14124293785310735
0 0.29365079365079366 0.3064971751412429 0.022222222222222223 0.0480225988700565
0 0.3746031746031746 0.4110169491525424 0.03492063492063492 0.07627118644067797
0 0.02857142857142857 0.3403954802259887 0.05714285714285714 0.05367231638418079
0 0.23015873015873015 0.6666666666666666 0.05396825396825397 0.11299435028248588
0 0.7380952380952381 0.2655367231638418 0.022222222222222223 0.02824858757062147
0 0.5190476190476191 0.5607344632768362 0.047619047619047616 0.10451977401129943
0 0.5182539682539683 0.6694915254237288 0.05555555555555555 0.11299435028248588
0 0.26825396825396824 0.3799435028248588 0.04126984126984127 0.07062146892655367
0 0.05873015873015873 0.4194915254237288 0.11746031746031746 0.07627118644067797
0 0.4166666666666667 0.3926553672316384 0.05238095238095238 0.062146892655367235
0 0.23492063492063492 0.4322033898305085 0.050793650793650794 0.1016949152542373
0 0.8428571428571429 0.8389830508474576 0.1365079365079365 0.22598870056497175
0 0.48333333333333334 0.3742937853107345 0.03333333333333333 0.05367231638418079
0 0.8428571428571429 0.3615819209039548 0.03492063492063492 0.062146892655367235
0 0.6936507936507936 0.3898305084745763 0.03492063492063492 0.04519774011299435
0 0.012698412698412698 0.5 0.025396825396825397 0.07909604519774012
0 0.17539682539682538 0.3149717514124294 0.03333333333333333 0.05367231638418079
0 0.29603174603174603 0.4562146892655367 0.046031746031746035 0.06497175141242938
0 0.015873015873015872 0.3926553672316384 0.031746031746031744 0.06779661016949153
0 0.6841269841269841 0.4166666666666667 0.044444444444444446 0.059322033898305086
0 0.42698412698412697 0.346045197740113 0.03492063492063492 0.0480225988700565
0 0.3476190476190476 0.6836158192090396 0.050793650793650794 0.0847457627118644
0 0.9261904761904762 0.6059322033898306 0.14761904761904762 0.08757062146892655
0 0.22777777777777777 0.2796610169491525 0.03015873015873016 0.05084745762711865
0 0.35873015873015873 0.5649717514124294 0.050793650793650794 0.10734463276836158
0 0.3674603174603175 0.3163841807909605 0.023809523809523808 0.02824858757062147
0 0.19126984126984126 0.3771186440677966 0.03333333333333333 0.0480225988700565
0 0.11825396825396825 0.4307909604519774 0.046031746031746035 0.08192090395480225
0 0.07142857142857142 0.7824858757062146 0.12698412698412698 0.1864406779661017
0 0.8341269841269842 0.2951977401129944 0.023809523809523808 0.031073446327683617
0 0.8642857142857143 0.24152542372881355 0.01746031746031746 0.025423728813559324
0 0.8055555555555556 0.2923728813559322 0.020634920634920634 0.03672316384180791
0 0.5396825396825397 0.3926553672316384 0.025396825396825397 0.03954802259887006
0 0.7317460317460317 0.3107344632768362 0.02857142857142857 0.05084745762711865
0 0.029365079365079365 0.7641242937853108 0.05873015873015873 0.17231638418079095
0 0.623015873015873 0.3771186440677966 0.026984126984126985 0.0480225988700565
0 0.5103174603174603 0.3954802259887006 0.03650793650793651 0.05084745762711865
0 0.9436507936507936 0.3192090395480226 0.03015873015873016 0.06779661016949153
0 0.6666666666666666 0.5833333333333334 0.06031746031746032 0.12146892655367232
0 0.9071428571428571 0.2401129943502825 0.020634920634920634 0.022598870056497175
0 0.0880952380952381 0.1906779661016949 0.09365079365079365 0.025423728813559324
0 0.5571428571428572 0.4209039548022599 0.044444444444444446 0.0847457627118644
0 0.6611111111111111 0.2951977401129944 0.023809523809523808 0.031073446327683617
0 0.6634920634920635 0.4985875706214689 0.050793650793650794 0.06497175141242938
0 0.707936507936508 0.2542372881355932 0.01904761904761905 0.022598870056497175
0 0.00873015873015873 0.403954802259887 0.01746031746031746 0.062146892655367235
0 0.7619047619047619 0.2274011299435028 0.01904761904761905 0.01977401129943503
0 0.9841269841269841 0.6031073446327684 0.031746031746031744 0.1271186440677966
0 0.830952380952381 0.4477401129943503 0.046031746031746035 0.11016949152542373
0 0.2357142857142857 0.5889830508474576 0.05873015873015873 0.08192090395480225