0 0.2032520325203252 0.22705314009661837 0.12737127371273713 0.21739130434782608
0 0.7723577235772358 0.178743961352657 0.02168021680216802 0.043478260869565216
0 0.8848238482384824 0.21859903381642512 0.14634146341463414 0.3115942028985507
0 0.5521680216802168 0.18478260869565216 0.02032520325203252 0.036231884057971016
0 0.3434959349593496 0.25483091787439616 0.1043360433604336 0.2391304347826087
0 0.962059620596206 0.16304347826086957 0.016260162601626018 0.036231884057971016
0 0.9939024390243902 0.17270531400966183 0.012195121951219513 0.0748792270531401
0 0.6842818428184282 0.21256038647342995 0.07588075880758807 0.16908212560386474
0 0.575880758807588 0.19806763285024154 0.02981029810298103 0.07729468599033816
0 0.7330623306233063 0.18840579710144928 0.05962059620596206 0.1497584541062802
0 0.7920054200542005 0.21980676328502416 0.03929539295392954 0.10144927536231885